import numpy as np
increment = 2.5
counter = 0
a = np.matrix([ [-0.2699022 , 0.09332249, 0.08679601, -0.21208552, 0.16318821, -0.87995572, -0.25490673],
                [-0.41952831, -0.20328745, 0.57070986, 0.62234557, -0.01773708, -0.06387143, 0.2554453 ],
                [-0.43017995, -0.06687196, -0.00598495, 0.06047655, -0.15680342, 0.31950484, -0.8246875 ],
                [-0.45123645, -0.0582337 , 0.0198492 , -0.36838144, 0.72715068, 0.30226594, 0.19178847],
                [-0.41311555, 0.00184827, 0.13112075, -0.54161055, -0.64282478, 0.05858619, 0.31959576],
                [-0.38182413, -0.23024041, -0.80163228, 0.30067152, -0.08046708, -0.13430035, 0.20897481],
                [-0.21453568, 0.94291465, -0.08074612, 0.21118257, -0.0045758 , 0.08173988, 0.08405976]])
list_b = [      [643.58701165,0            ,0              ,0          ,0          ,0          ,0              ],
                [0           ,155.65029911 ,0              ,0          ,0          ,0          ,0              ],
                [0           ,0            ,70.74476444    ,0          ,0          ,0          ,0              ],
                [0           ,0            ,0              ,44.88996463,0          ,0          ,0              ],
                [0           ,0            ,0              ,0          ,35.67115618,0          ,0              ],
                [0           ,0            ,0              ,0          ,0          ,25.9320214 ,0              ],
                [0           ,0            ,0              ,0          ,0          ,0          ,0    ]]
c = np.matrix([ [-0.36124558, -0.39439694, -0.42831893, -0.35966372, -0.37907514, -0.37761796, -0.33888685],
                [ 0.44884768, 0.4084777 , 0.40498717, -0.30220377, -0.37551462, -0.34043101, -0.34559443],
                [-0.52937484, 0.80285436, -0.25876307, -0.00530379, -0.08204259, 0.0188559 , 0.03337899],
                [-0.43825754, -0.09849146, 0.56492132, -0.38449561, 0.20211773, -0.33450283, 0.42250807],
                [ 0.30853652, 0.03563223, -0.3162307 , 0.02675132, -0.40234469, -0.27124534, 0.75323488],
                [ 0.22514954, 0.0703325 , -0.25151008, -0.79388571, 0.2224205 , 0.43674026, 0.10313223],
                [-0.22325522, -0.13078612, 0.32120818, -0.02190309, -0.67554135, 0.60410895, 0.0899662 ]])
#while(increment < 3):
#counter+=1
#2.6288494485747
#increment += 0.00000001
#list_b[6][6] = increment
b = np.matrix(list_b)
res_matrix = a*b*c
res_matrix = res_matrix.tolist()
#print(res_matrix)
stringg=""
for row in res_matrix:
    print(row)
    for ele in row:
        print(" ",chr(int(ele)),end='')
        #stringg += chr(int(abs(round(ele))))
    print()
stringg=""
for row in res_matrix:
    print(row)
    for ele in row:
        print(" ",chr(int(abs(round(ele)))),end='')
        stringg += chr(int(abs(round(ele))))
    print()
#print(stringg.replace(' ',''))

if "COMP3441" not in stringg:
    if counter%500 == 0:
        #print("{%.8f}",increment," -> ",stringg)
        print('{:10.8f}'.format(increment)," -> ",stringg)
    #continue
else:
    print('ANSWER: ',stringg)
    #break
